camera_matrix:
- - 999.4328920948503
  - 0.0
  - 611.9201537965562
- - 0.0
  - 998.5446951505777
  - 352.0393410031136
- - 0.0
  - 0.0
  - 1.0
dist_coeffs:
- 0.027416702103873973
- 0.11708883199654817
- -0.00016296611212851826
- -0.004362343246101939
- -1.4269911701197842
rotation:
- - 0.9993566924547683
  - 0.03582401727454795
  - 0.0016855361695852548
- - 0.03582790192512827
  - -0.9993552493584831
  - -0.002333885877058796
- - 0.0016008402510815879
  - 0.0023927736952400395
  - -0.9999958559636808
translation:
- -0.06753687383215955
- -0.378102510004344
- -0.015049176689261035
